{
 "cells": [
  {
   "cell_type": "code",
   "execution_count": 8,
   "metadata": {
    "scrolled": false
   },
   "outputs": [
    {
     "name": "stdout",
     "output_type": "stream",
     "text": [
      "6\n",
      "[[1. 0. 0. 0. 0. 0.]\n",
      " [0. 0. 0. 0. 0. 1.]\n",
      " [0. 1. 0. 0. 0. 0.]\n",
      " [0. 0. 1. 0. 0. 0.]\n",
      " [0. 0. 0. 1. 0. 0.]\n",
      " [0. 0. 0. 0. 1. 0.]] \n",
      "\n",
      " [[1.    0.    0.    0.    0.    0.   ]\n",
      " [1.    1.    0.    0.    0.    0.   ]\n",
      " [1.    0.    1.    0.    0.    0.   ]\n",
      " [1.    0.727 0.151 1.    0.    0.   ]\n",
      " [1.    0.857 0.088 0.514 1.    0.   ]\n",
      " [1.    0.941 0.038 0.208 0.641 1.   ]] \n",
      "\n",
      " [[ 3.000e+00  3.000e+00  3.000e+00  3.000e+00  3.000e+00  3.000e+00]\n",
      " [ 0.000e+00 -2.250e+00 -2.571e+00 -2.700e+00 -2.769e+00 -2.812e+00]\n",
      " [ 0.000e+00  0.000e+00 -1.636e+00 -1.929e+00 -2.118e+00 -2.250e+00]\n",
      " [ 0.000e+00  0.000e+00  2.776e-17 -9.247e-02 -1.485e-01 -1.856e-01]\n",
      " [ 0.000e+00  1.110e-16 -1.427e-17 -4.160e-18  1.841e-03  3.821e-03]\n",
      " [ 0.000e+00 -1.267e-16  3.391e-18  2.669e-18  0.000e+00 -1.233e-05]] \n",
      "\n",
      "[[ 0.000e+00  0.000e+00  0.000e+00  0.000e+00  0.000e+00  0.000e+00]\n",
      " [ 0.000e+00  0.000e+00 -1.665e-16 -1.665e-16  5.551e-17  0.000e+00]\n",
      " [ 0.000e+00  0.000e+00  0.000e+00  0.000e+00  0.000e+00  0.000e+00]\n",
      " [ 0.000e+00  0.000e+00  0.000e+00  2.220e-16 -1.110e-16 -1.665e-16]\n",
      " [ 0.000e+00  0.000e+00  2.220e-16 -5.551e-17 -1.665e-16 -1.665e-16]\n",
      " [ 0.000e+00  4.441e-16  3.331e-16  2.776e-16  6.106e-16  4.996e-16]] \n",
      "\n",
      "[[3.    3.    3.    3.    3.    3.   ]\n",
      " [3.    0.188 0.75  0.429 0.3   0.231]\n",
      " [3.    0.75  3.    1.364 1.071 0.882]\n",
      " [3.    0.429 1.364 0.882 0.652 0.517]\n",
      " [3.    0.3   1.071 0.652 0.469 0.366]\n",
      " [3.    0.231 0.882 0.517 0.366 0.283]] \n",
      "\n",
      "[[3.    3.    3.    3.    3.    3.   ]\n",
      " [3.    3.    1.364 1.071 0.882 0.75 ]\n",
      " [3.    1.364 0.882 0.652 0.517 0.429]\n",
      " [3.    1.071 0.652 0.469 0.366 0.3  ]\n",
      " [3.    0.882 0.517 0.366 0.283 0.231]\n",
      " [3.    0.75  0.429 0.3   0.231 0.188]]\n",
      "[[1. 0. 0. 0. 0. 0.]\n",
      " [0. 0. 0. 0. 0. 1.]\n",
      " [0. 1. 0. 0. 0. 0.]\n",
      " [0. 0. 1. 0. 0. 0.]\n",
      " [0. 0. 0. 1. 0. 0.]\n",
      " [0. 0. 0. 0. 1. 0.]] \n",
      "\n",
      " [[1.    0.    0.    0.    0.    0.   ]\n",
      " [1.    1.    0.    0.    0.    0.   ]\n",
      " [1.    0.    1.    0.    0.    0.   ]\n",
      " [1.    0.727 0.151 1.    0.    0.   ]\n",
      " [1.    0.857 0.088 0.514 1.    0.   ]\n",
      " [1.    0.941 0.038 0.208 0.641 1.   ]] \n",
      "\n",
      " [[ 3.000e+00  3.000e+00  3.000e+00  3.000e+00  3.000e+00  3.000e+00]\n",
      " [ 0.000e+00 -2.250e+00 -2.571e+00 -2.700e+00 -2.769e+00 -2.812e+00]\n",
      " [ 0.000e+00  0.000e+00 -1.636e+00 -1.929e+00 -2.118e+00 -2.250e+00]\n",
      " [ 0.000e+00  0.000e+00  2.776e-17 -9.247e-02 -1.485e-01 -1.856e-01]\n",
      " [ 0.000e+00  1.110e-16 -1.427e-17 -4.160e-18  1.841e-03  3.821e-03]\n",
      " [ 0.000e+00 -1.267e-16  3.391e-18  2.669e-18  0.000e+00 -1.233e-05]] \n",
      "\n",
      "[[ 0.000e+00  0.000e+00  0.000e+00  0.000e+00  0.000e+00  0.000e+00]\n",
      " [ 0.000e+00  0.000e+00 -1.665e-16 -1.665e-16  5.551e-17  0.000e+00]\n",
      " [ 0.000e+00  0.000e+00  0.000e+00  0.000e+00  0.000e+00  0.000e+00]\n",
      " [ 0.000e+00  0.000e+00  0.000e+00  2.220e-16 -1.110e-16 -1.665e-16]\n",
      " [ 0.000e+00  0.000e+00  2.220e-16 -5.551e-17 -1.665e-16 -1.665e-16]\n",
      " [ 0.000e+00  4.441e-16  3.331e-16  2.776e-16  6.106e-16  4.996e-16]] \n",
      "\n",
      "[[3.    3.    3.    3.    3.    3.   ]\n",
      " [3.    0.188 0.75  0.429 0.3   0.231]\n",
      " [3.    0.75  3.    1.364 1.071 0.882]\n",
      " [3.    0.429 1.364 0.882 0.652 0.517]\n",
      " [3.    0.3   1.071 0.652 0.469 0.366]\n",
      " [3.    0.231 0.882 0.517 0.366 0.283]] \n",
      "\n",
      "[[3.    3.    3.    3.    3.    3.   ]\n",
      " [3.    3.    1.364 1.071 0.882 0.75 ]\n",
      " [3.    1.364 0.882 0.652 0.517 0.429]\n",
      " [3.    1.071 0.652 0.469 0.366 0.3  ]\n",
      " [3.    0.882 0.517 0.366 0.283 0.231]\n",
      " [3.    0.75  0.429 0.3   0.231 0.188]]\n"
     ]
    }
   ],
   "source": [
    "import numpy as np\n",
    "\n",
    "N = 6\n",
    "a = np.zeros((N, N), dtype=float)\n",
    "for i in range(N):\n",
    "    for j in range(N):\n",
    "        a[i, j] = 3. / (0.6*i*j + 1)\n",
    "print(np.linalg.matrix_rank(a))\n",
    "a[1, 1] = 3\n",
    "\n",
    "def LUP(L, U, P):\n",
    "    return L @ U @ np.linalg.inv(P)\n",
    "def diy_LU2(a):\n",
    "    N = a.shape[0]\n",
    "    U = a.copy()\n",
    "    P = np.eye(N)\n",
    "    L = np.eye(N)\n",
    "    for k in range(0, N - 1):\n",
    "        max_el = k + np.argmax(abs(U[k:, k])) \n",
    "        if max_el != k:\n",
    "            P_temp = np.eye(N)\n",
    "            P_temp[k,k], P_temp[max_el,max_el] = 0, 0\n",
    "            P_temp[k,max_el], P_temp[max_el,k] = 1, 1\n",
    "            P = P_temp @ P\n",
    "            L = P_temp @ L\n",
    "            U = P_temp @ U\n",
    "        lam = np.eye(N)\n",
    "        gamma = U[k+1:, k] / U[k, k]\n",
    "        lam[k+1:, k] = -gamma\n",
    "        U = lam @ U\n",
    "        L = lam @ L\n",
    "    L = np.linalg.inv(L @ np.linalg.inv(P))\n",
    "    return P, L, U\n",
    "\n",
    "np.set_printoptions(precision=3)\n",
    "\n",
    "P, L, U = diy_LU2(a)\n",
    "print (P, \"\\n\"*2, L, \"\\n\"*2, U, \"\\n\")\n",
    "print(L @ U - P @ a, \"\\n\")\n",
    "print (LUP(L, U, P), \"\\n\")\n",
    "print (a1)\n",
    "\n",
    "P, L, U = diy_LU2(a)\n",
    "print (P, \"\\n\"*2, L, \"\\n\"*2, U, \"\\n\")\n",
    "print(L @ U - P @ a, \"\\n\")\n",
    "print (LUP(L, U, P), \"\\n\")\n",
    "print (a)"
   ]
  },
  {
   "cell_type": "code",
   "execution_count": null,
   "metadata": {},
   "outputs": [],
   "source": []
  }
 ],
 "metadata": {
  "kernelspec": {
   "display_name": "Python 3",
   "language": "python",
   "name": "python3"
  },
  "language_info": {
   "codemirror_mode": {
    "name": "ipython",
    "version": 3
   },
   "file_extension": ".py",
   "mimetype": "text/x-python",
   "name": "python",
   "nbconvert_exporter": "python",
   "pygments_lexer": "ipython3",
   "version": "3.8.3"
  }
 },
 "nbformat": 4,
 "nbformat_minor": 4
}
